***** epoch: 0 ***** 
trn_loss: 0.013955040275182904 
tst_loss: 0.01395504027302751 
naive_trn_accuracy: 0 
naive_tst_accuracy: 0  
pck_val_accuracy: 0.5217468421854654  
[0.0 0.0 0.0 0.0 0.0 0.0 0.0 0.0 0.0 0.0 0.0 0.0 0.0 0.0; 0.0 0.0 0.0 0.0 0.0 0.0 0.0 0.0 0.0 0.0 0.0 0.0 0.0 0.0; 0.0 0.0 0.0 0.0 0.0 0.0 0.0 0.0 0.0 0.0 0.0 0.0 0.0 0.0; 5.69 4.06 3.47 3.75 4.61 4.84 7.54 7.25 10.85 10.42 7.36 7.13 14.83 10.73; 6.81 4.53 2.86 3.25 3.91 5.49 7.16 7.3 9.3 10.53 7.07 5.91 16.3 11.17; 6.09 4.23 3.26 3.58 4.37 5.07 7.42 7.26 10.33 10.46 7.26 6.72 15.32 10.88; 18.19 13.51 12.65 12.31 14.48 16.07 22.3 21.97 31.02 31.02 22.49 22.0 43.16 30.35; 18.08 13.49 12.92 11.13 13.39 17.54 20.11 18.98 26.62 29.95 20.94 17.82 44.87 31.78; 18.15 13.5 12.74 11.92 14.1 16.59 21.57 20.96 29.54 30.66 21.97 20.6 43.73 30.83; 30.89 25.15 22.54 24.02 25.51 28.86 35.63 35.72 46.83 48.23 33.99 34.41 65.68 51.17; 28.64 22.55 23.25 21.99 24.51 27.45 29.84 29.29 43.21 44.96 32.14 27.15 65.38 48.81; 30.08 24.25 22.78 23.34 25.16 28.36 33.69 33.56 45.62 47.14 33.37 31.99 65.58 50.38; 38.94 33.61 34.11 34.5 34.89 38.35 44.24 45.27 58.69 60.44 42.32 42.57 79.55 63.93; 33.22 30.38 33.3 32.0 31.0 33.41 36.09 36.04 52.05 55.31 38.84 32.13 74.45 61.17; 36.89 32.49 33.84 33.67 33.54 36.61 41.51 42.17 56.46 58.73 41.16 39.08 77.84 63.01; 45.03 39.43 43.06 42.88 41.47 43.51 49.79 52.01 66.36 68.33 49.36 46.55 86.37 73.28; 37.68 36.15 41.51 39.15 36.05 37.59 40.13 41.42 57.79 59.98 42.98 36.1 79.49 69.41; 42.39 38.29 42.54 41.63 39.58 41.43 46.55 48.45 63.49 65.55 47.23 43.06 84.06 71.99; 48.1 44.92 50.89 50.23 45.69 46.93 53.08 56.48 71.09 72.6 54.05 51.0 90.42 79.23; 41.31 39.03 45.85 45.08 40.27 39.98 43.25 45.8 62.35 64.84 46.01 39.43 81.87 75.0; 45.67 42.87 49.19 48.51 43.81 44.49 49.78 52.9 68.16 70.01 51.36 47.13 87.56 77.81; 50.59 49.09 57.45 56.51 49.53 50.55 56.27 58.84 74.77 75.95 58.23 53.5 92.54 83.97; 43.78 42.64 49.82 50.19 43.77 42.36 44.54 48.81 64.72 67.95 48.67 42.01 83.7 78.48; 48.15 46.85 54.88 54.39 47.53 47.67 52.34 55.47 71.4 73.28 55.04 49.66 89.58 82.13; 52.36 52.06 61.62 61.19 52.88 52.61 58.4 61.7 77.11 78.16 61.09 55.91 93.64 87.01; 45.89 45.52 54.89 54.45 47.27 44.51 46.56 51.46 67.18 69.87 51.42 44.78 85.26 80.95; 50.04 49.79 59.35 58.93 50.93 49.77 54.43 58.26 73.79 75.39 57.86 52.19 90.84 84.98; 54.38 54.42 66.26 65.45 55.51 54.68 60.3 63.64 79.18 80.4 63.62 57.94 94.06 89.31; 47.65 47.58 58.76 57.88 49.12 47.49 48.85 54.2 69.28 71.52 54.27 47.65 86.26 82.6; 51.97 52.04 63.74 62.91 53.29 52.16 56.46 60.47 75.86 77.44 60.5 54.5 91.45 87.07; 56.35 57.22 70.43 69.38 58.53 56.1 61.92 65.34 81.11 82.65 65.64 59.7 94.7 90.7; 50.0 50.57 63.75 60.76 51.39 49.88 51.15 56.84 71.29 73.26 56.2 49.4 86.81 84.43; 54.08 54.91 68.18 66.49 56.05 53.92 58.31 62.49 77.82 79.52 62.49 56.26 92.06 88.6]
